service_id,date,exception_type
1,20130111,1
1,20130112,1
2,20130119,1
2,20130120,1
2,20130121,1
2,20130126,1
2,20130127,1
2,20130202,1
2,20130203,1
2,20130209,1
2,20130210,1
2,20130216,1
2,20130217,1
2,20130218,1
2,20130223,1
2,20130224,1
2,20130302,1
2,20130303,1
2,20130309,1
2,20130310,1
2,20130316,1
2,20130317,1
2,20130323,1
2,20130324,1
2,20130330,1
2,20130331,1
2,20130406,1
2,20130407,1
2,20130413,1
2,20130414,1
2,20130420,1
2,20130421,1
2,20130427,1
2,20130428,1
2,20130504,1
2,20130505,1
2,20130511,1
2,20130512,1
2,20130518,1
3,20130110,1
3,20130111,1
4,20130118,1
4,20130119,1
4,20130120,1
4,20130125,1
4,20130126,1
4,20130201,1
4,20130202,1
4,20130208,1
4,20130209,1
4,20130215,1
4,20130216,1
4,20130217,1
4,20130222,1
4,20130223,1
4,20130301,1
4,20130302,1
4,20130308,1
4,20130309,1
4,20130315,1
4,20130316,1
4,20130322,1
4,20130323,1
4,20130329,1
4,20130330,1
4,20130405,1
4,20130406,1
4,20130412,1
4,20130413,1
4,20130419,1
4,20130420,1
4,20130426,1
4,20130427,1
4,20130503,1
4,20130504,1
4,20130510,1
4,20130511,1
4,20130517,1
5,20130112,1
6,20130114,1
6,20130115,1
6,20130116,1
6,20130117,1
6,20130118,1
6,20130122,1
6,20130123,1
6,20130124,1
6,20130125,1
6,20130128,1
6,20130129,1
6,20130130,1
6,20130131,1
6,20130201,1
6,20130204,1
6,20130205,1
6,20130206,1
6,20130207,1
6,20130208,1
6,20130211,1
6,20130212,1
6,20130213,1
6,20130214,1
6,20130215,1
6,20130219,1
6,20130220,1
6,20130221,1
6,20130222,1
6,20130225,1
6,20130226,1
6,20130227,1
6,20130228,1
6,20130301,1
6,20130304,1
6,20130305,1
6,20130306,1
6,20130307,1
6,20130308,1
6,20130311,1
6,20130312,1
6,20130313,1
6,20130314,1
6,20130315,1
6,20130318,1
6,20130319,1
6,20130320,1
6,20130321,1
6,20130322,1
6,20130325,1
6,20130326,1
6,20130327,1
6,20130328,1
6,20130329,1
6,20130401,1
6,20130402,1
6,20130403,1
6,20130404,1
6,20130405,1
6,20130408,1
6,20130409,1
6,20130410,1
6,20130411,1
6,20130412,1
6,20130415,1
6,20130416,1
6,20130417,1
6,20130418,1
6,20130419,1
6,20130422,1
6,20130423,1
6,20130424,1
6,20130425,1
6,20130426,1
6,20130429,1
6,20130430,1
6,20130501,1
6,20130502,1
6,20130503,1
6,20130506,1
6,20130507,1
6,20130508,1
6,20130509,1
6,20130510,1
6,20130513,1
6,20130514,1
6,20130515,1
6,20130516,1
6,20130517,1
7,20130110,1
8,20130113,1
8,20130114,1
8,20130115,1
8,20130116,1
8,20130117,1
8,20130121,1
8,20130122,1
8,20130123,1
8,20130124,1
8,20130127,1
8,20130128,1
8,20130129,1
8,20130130,1
8,20130131,1
8,20130203,1
8,20130204,1
8,20130205,1
8,20130206,1
8,20130207,1
8,20130210,1
8,20130211,1
8,20130212,1
8,20130213,1
8,20130214,1
8,20130218,1
8,20130219,1
8,20130220,1
8,20130221,1
8,20130224,1
8,20130225,1
8,20130226,1
8,20130227,1
8,20130228,1
8,20130303,1
8,20130304,1
8,20130305,1
8,20130306,1
8,20130307,1
8,20130310,1
8,20130311,1
8,20130312,1
8,20130313,1
8,20130314,1
8,20130317,1
8,20130318,1
8,20130319,1
8,20130320,1
8,20130321,1
8,20130324,1
8,20130325,1
8,20130326,1
8,20130327,1
8,20130328,1
8,20130331,1
8,20130401,1
8,20130402,1
8,20130403,1
8,20130404,1
8,20130407,1
8,20130408,1
8,20130409,1
8,20130410,1
8,20130411,1
8,20130414,1
8,20130415,1
8,20130416,1
8,20130417,1
8,20130418,1
8,20130421,1
8,20130422,1
8,20130423,1
8,20130424,1
8,20130425,1
8,20130428,1
8,20130429,1
8,20130430,1
8,20130501,1
8,20130502,1
8,20130505,1
8,20130506,1
8,20130507,1
8,20130508,1
8,20130509,1
8,20130512,1
8,20130513,1
8,20130514,1
8,20130515,1
8,20130516,1
9,20130113,1
10,20130121,1
10,20130218,1
11,20130113,1
11,20130119,1
11,20130120,1
11,20130121,1
11,20130126,1
11,20130127,1
11,20130202,1
11,20130203,1
11,20130209,1
11,20130210,1
11,20130216,1
11,20130217,1
11,20130218,1
11,20130223,1
11,20130224,1
11,20130302,1
11,20130303,1
11,20130309,1
11,20130310,1
11,20130316,1
11,20130317,1
11,20130323,1
11,20130324,1
11,20130330,1
11,20130331,1
11,20130406,1
11,20130407,1
11,20130413,1
11,20130414,1
11,20130420,1
11,20130421,1
11,20130427,1
11,20130428,1
11,20130504,1
11,20130505,1
11,20130511,1
11,20130512,1
12,20130112,1
12,20130119,1
12,20130121,1
12,20130126,1
12,20130202,1
12,20130209,1
12,20130216,1
12,20130223,1
12,20130302,1
12,20130309,1
12,20130316,1
12,20130323,1
12,20130330,1
12,20130406,1
12,20130413,1
12,20130420,1
12,20130427,1
12,20130504,1
12,20130511,1
12,20130518,1
12,20130525,1
12,20130601,1
12,20130608,1
12,20130615,1
12,20130622,1
12,20130629,1
12,20130706,1
13,20130113,1
13,20130120,1
13,20130127,1
13,20130203,1
13,20130210,1
13,20130217,1
13,20130224,1
13,20130303,1
13,20130310,1
13,20130317,1
13,20130324,1
13,20130331,1
13,20130407,1
13,20130414,1
13,20130421,1
13,20130428,1
13,20130505,1
13,20130512,1
13,20130519,1
13,20130526,1
13,20130602,1
13,20130609,1
13,20130616,1
13,20130623,1
13,20130630,1
13,20130707,1
14,20130110,1
14,20130111,1
14,20130114,1
14,20130115,1
14,20130116,1
14,20130117,1
14,20130118,1
14,20130122,1
14,20130123,1
14,20130124,1
14,20130125,1
14,20130128,1
14,20130129,1
14,20130130,1
14,20130131,1
14,20130201,1
14,20130204,1
14,20130205,1
14,20130206,1
14,20130207,1
14,20130208,1
14,20130211,1
14,20130212,1
14,20130213,1
14,20130214,1
14,20130215,1
14,20130218,1
14,20130219,1
14,20130220,1
14,20130221,1
14,20130222,1
14,20130225,1
14,20130226,1
14,20130227,1
14,20130228,1
14,20130301,1
14,20130304,1
14,20130305,1
14,20130306,1
14,20130307,1
14,20130308,1
14,20130311,1
14,20130312,1
14,20130313,1
14,20130314,1
14,20130315,1
14,20130318,1
14,20130319,1
14,20130320,1
14,20130321,1
14,20130322,1
14,20130325,1
14,20130326,1
14,20130327,1
14,20130328,1
14,20130329,1
14,20130401,1
14,20130402,1
14,20130403,1
14,20130404,1
14,20130405,1
14,20130408,1
14,20130409,1
14,20130410,1
14,20130411,1
14,20130412,1
14,20130415,1
14,20130416,1
14,20130417,1
14,20130418,1
14,20130419,1
14,20130422,1
14,20130423,1
14,20130424,1
14,20130425,1
14,20130426,1
14,20130429,1
14,20130430,1
14,20130501,1
14,20130502,1
14,20130503,1
14,20130506,1
14,20130507,1
14,20130508,1
14,20130509,1
14,20130510,1
14,20130513,1
14,20130514,1
14,20130515,1
14,20130516,1
14,20130517,1
14,20130520,1
14,20130521,1
14,20130522,1
14,20130523,1
14,20130524,1
14,20130527,1
14,20130528,1
14,20130529,1
14,20130530,1
14,20130531,1
14,20130603,1
14,20130604,1
14,20130605,1
14,20130606,1
14,20130607,1
14,20130610,1
14,20130611,1
14,20130612,1
14,20130613,1
14,20130614,1
14,20130617,1
14,20130618,1
14,20130619,1
14,20130620,1
14,20130621,1
14,20130624,1
14,20130625,1
14,20130626,1
14,20130627,1
14,20130628,1
14,20130701,1
14,20130702,1
14,20130703,1
14,20130704,1
14,20130705,1
14,20130708,1
15,20130111,1
16,20130118,1
16,20130125,1
16,20130201,1
16,20130208,1
16,20130215,1
16,20130222,1
16,20130301,1
16,20130308,1
16,20130315,1
16,20130322,1
16,20130329,1
16,20130405,1
16,20130412,1
16,20130419,1
16,20130426,1
16,20130503,1
16,20130510,1
16,20130517,1
17,20130114,1
17,20130115,1
17,20130116,1
17,20130117,1
17,20130122,1
17,20130123,1
17,20130124,1
17,20130128,1
17,20130129,1
17,20130130,1
17,20130131,1
17,20130204,1
17,20130205,1
17,20130206,1
17,20130207,1
17,20130211,1
17,20130212,1
17,20130213,1
17,20130214,1
17,20130219,1
17,20130220,1
17,20130221,1
17,20130225,1
17,20130226,1
17,20130227,1
17,20130228,1
17,20130304,1
17,20130305,1
17,20130306,1
17,20130307,1
17,20130311,1
17,20130312,1
17,20130313,1
17,20130314,1
17,20130318,1
17,20130319,1
17,20130320,1
17,20130321,1
17,20130325,1
17,20130326,1
17,20130327,1
17,20130328,1
17,20130401,1
17,20130402,1
17,20130403,1
17,20130404,1
17,20130408,1
17,20130409,1
17,20130410,1
17,20130411,1
17,20130415,1
17,20130416,1
17,20130417,1
17,20130418,1
17,20130422,1
17,20130423,1
17,20130424,1
17,20130425,1
17,20130429,1
17,20130430,1
17,20130501,1
17,20130502,1
17,20130506,1
17,20130507,1
17,20130508,1
17,20130509,1
17,20130513,1
17,20130514,1
17,20130515,1
17,20130516,1
18,20130316,1
19,20130115,1
19,20130116,1
19,20130117,1
19,20130118,1
19,20130123,1
19,20130124,1
19,20130125,1
19,20130129,1
19,20130130,1
19,20130131,1
19,20130201,1
19,20130205,1
19,20130206,1
19,20130207,1
19,20130208,1
19,20130212,1
19,20130213,1
19,20130214,1
19,20130215,1
19,20130220,1
19,20130221,1
19,20130222,1
19,20130226,1
19,20130227,1
19,20130228,1
19,20130301,1
19,20130305,1
19,20130306,1
19,20130307,1
19,20130308,1
19,20130312,1
19,20130313,1
19,20130314,1
19,20130315,1
19,20130319,1
19,20130320,1
19,20130321,1
19,20130322,1
19,20130326,1
19,20130327,1
19,20130328,1
19,20130329,1
19,20130402,1
19,20130403,1
19,20130404,1
19,20130405,1
19,20130409,1
19,20130410,1
19,20130411,1
19,20130412,1
19,20130416,1
19,20130417,1
19,20130418,1
19,20130419,1
19,20130423,1
19,20130424,1
19,20130425,1
19,20130426,1
19,20130430,1
19,20130501,1
19,20130502,1
19,20130503,1
19,20130507,1
19,20130508,1
19,20130509,1
19,20130510,1
19,20130514,1
19,20130515,1
19,20130516,1
19,20130517,1
20,20130114,1
20,20130122,1
20,20130128,1
20,20130204,1
20,20130211,1
20,20130219,1
20,20130225,1
20,20130304,1
20,20130311,1
20,20130318,1
20,20130325,1
20,20130401,1
20,20130408,1
20,20130415,1
20,20130422,1
20,20130429,1
20,20130506,1
20,20130513,1
21,20130303,1
22,20130119,1
22,20130120,1
22,20130126,1
22,20130202,1
22,20130209,1
22,20130216,1
22,20130217,1
22,20130223,1
22,20130302,1
22,20130309,1
22,20130316,1
22,20130323,1
22,20130330,1
22,20130406,1
22,20130413,1
22,20130420,1
22,20130427,1
22,20130504,1
22,20130511,1
23,20130113,1
23,20130121,1
23,20130127,1
23,20130203,1
23,20130210,1
23,20130218,1
23,20130224,1
23,20130303,1
23,20130310,1
23,20130317,1
23,20130324,1
23,20130331,1
23,20130407,1
23,20130414,1
23,20130421,1
23,20130428,1
23,20130505,1
23,20130512,1
24,20130119,1
24,20130120,1
24,20130126,1
24,20130127,1
24,20130202,1
24,20130203,1
24,20130209,1
24,20130210,1
24,20130216,1
24,20130217,1
24,20130218,1
24,20130223,1
24,20130224,1
24,20130302,1
24,20130303,1
24,20130309,1
24,20130310,1
24,20130316,1
24,20130317,1
24,20130323,1
24,20130324,1
24,20130330,1
24,20130331,1
24,20130406,1
24,20130407,1
24,20130413,1
24,20130414,1
24,20130420,1
24,20130421,1
24,20130427,1
24,20130428,1
24,20130504,1
24,20130505,1
24,20130511,1
24,20130512,1
24,20130518,1
25,20130113,1
25,20130119,1
25,20130120,1
25,20130126,1
25,20130127,1
25,20130202,1
25,20130203,1
25,20130209,1
25,20130210,1
25,20130216,1
25,20130217,1
25,20130218,1
25,20130223,1
25,20130224,1
25,20130302,1
25,20130303,1
25,20130309,1
25,20130310,1
25,20130316,1
25,20130317,1
25,20130323,1
25,20130324,1
25,20130330,1
25,20130331,1
25,20130406,1
25,20130407,1
25,20130413,1
25,20130414,1
25,20130420,1
25,20130421,1
25,20130427,1
25,20130428,1
25,20130504,1
25,20130505,1
25,20130511,1
25,20130512,1
26,20130110,1
26,20130111,1
26,20130114,1
26,20130115,1
26,20130116,1
26,20130117,1
26,20130118,1
27,20130122,1
27,20130123,1
27,20130124,1
27,20130125,1
27,20130128,1
27,20130129,1
27,20130130,1
27,20130131,1
27,20130201,1
27,20130204,1
27,20130205,1
27,20130206,1
27,20130207,1
27,20130208,1
27,20130211,1
27,20130212,1
27,20130213,1
27,20130214,1
27,20130215,1
27,20130218,1
27,20130219,1
27,20130220,1
27,20130221,1
27,20130222,1
27,20130225,1
27,20130226,1
27,20130227,1
27,20130228,1
27,20130301,1
27,20130304,1
27,20130305,1
27,20130306,1
27,20130307,1
27,20130308,1
27,20130311,1
27,20130312,1
27,20130313,1
27,20130314,1
27,20130315,1
27,20130318,1
27,20130319,1
27,20130320,1
27,20130321,1
27,20130322,1
27,20130325,1
27,20130326,1
27,20130327,1
27,20130328,1
27,20130329,1
27,20130401,1
27,20130402,1
27,20130403,1
27,20130404,1
27,20130405,1
27,20130408,1
27,20130409,1
27,20130410,1
27,20130411,1
27,20130412,1
27,20130415,1
27,20130416,1
27,20130417,1
27,20130418,1
27,20130419,1
27,20130422,1
27,20130423,1
27,20130424,1
27,20130425,1
27,20130426,1
27,20130429,1
27,20130430,1
27,20130501,1
27,20130502,1
27,20130503,1
27,20130506,1
27,20130507,1
27,20130508,1
27,20130509,1
27,20130510,1
27,20130513,1
27,20130514,1
27,20130515,1
27,20130516,1
27,20130517,1
27,20130520,1
27,20130521,1
27,20130522,1
27,20130523,1
27,20130524,1
27,20130527,1
27,20130528,1
27,20130529,1
27,20130530,1
27,20130531,1
27,20130603,1
27,20130604,1
27,20130605,1
27,20130606,1
27,20130607,1
27,20130610,1
27,20130611,1
27,20130612,1
27,20130613,1
27,20130614,1
27,20130617,1
27,20130618,1
27,20130619,1
27,20130620,1
27,20130621,1
27,20130624,1
27,20130625,1
27,20130626,1
27,20130627,1
27,20130628,1
27,20130701,1
27,20130702,1
27,20130703,1
27,20130704,1
27,20130705,1
27,20130708,1
28,20130112,1
28,20130119,1
28,20130126,1
28,20130202,1
28,20130209,1
28,20130216,1
28,20130223,1
28,20130302,1
28,20130309,1
28,20130316,1
28,20130323,1
28,20130330,1
28,20130406,1
28,20130413,1
28,20130420,1
28,20130427,1
28,20130504,1
28,20130511,1
28,20130518,1
28,20130525,1
28,20130601,1
28,20130608,1
28,20130615,1
28,20130622,1
28,20130629,1
28,20130706,1
29,20130113,1
29,20130120,1
29,20130121,1
29,20130127,1
29,20130203,1
29,20130210,1
29,20130217,1
29,20130224,1
29,20130303,1
29,20130310,1
29,20130317,1
29,20130324,1
29,20130331,1
29,20130407,1
29,20130414,1
29,20130421,1
29,20130428,1
29,20130505,1
29,20130512,1
29,20130519,1
29,20130526,1
29,20130602,1
29,20130609,1
29,20130616,1
29,20130623,1
29,20130630,1
29,20130707,1
